   1         "t+uw"   79  607.550476 312.917358 313.748474
   2       "d-eh+l"   11   31.151928 134.928833  32.465927
   3         "t-uw"   79  347.045776 950.546814 528.690613
   4           "ow"   67  380.533234 303.241333 1273.467651
   5           "sp"  962  6456.685547
   6         "ax-l"   56  245.081238 356.240173 244.202072
   7         "ay-n"   56  557.556091 217.073349 209.731827
   8         "ay-v"   60  365.821960 178.197174 414.511871
   9      "y-ah+ng"   19   42.878857  23.473515  39.402981
  10      "ow-l+ax"   18   22.857347  43.536095 144.057236
  11      "jh-ae+n"   18  100.601456 195.843918 195.224670
  12       "d-ey+v"   10   23.091330  91.268982  18.656404
  13         "d+ay"   56  108.637268 115.526413 116.869720
  14         "d+ey"   10   65.192787  20.509941  27.936829
  15        "jh+ae"   18   29.369823  60.838181  74.479935
  16        "jh+uh"    8   18.252525  15.364550   9.417928
  17        "jh+uw"    6   48.656788  39.444172 113.712677
  18      "uw-l+ia"    6    6.850580  11.371580  52.698132
  19       "k-ao+l"   43   95.150047 191.144791  83.332817
  20       "s-ih+k"   68  163.501846 489.756439 521.556152
  21         "th+r"   66  580.853516 173.403702 224.886780
  22       "s-ah+n"   18   33.508629  47.082710  68.875290
  23      "th-r+iy"   66  210.406235 237.055115 208.498093
  24       "s-t+iy"    8   35.591610  19.004749  10.414165
  25         "n+ay"   56  128.855835 152.393036 177.913971
  26       "f-ow+n"   41   52.998341 118.647636 549.282715
  27       "w-ah+n"   66  263.380981 515.216064 262.450775
  28         "f+ao"   50  179.593399 475.980133 153.622025
  29         "f+ay"   60  287.086975 445.228088 150.002609
  30         "f+ih"    9   20.051062  81.728767  14.383344
  31         "f+ow"   41  714.096497 635.449280 120.237190
  32         "f-ao"   50  109.990211  90.169449 866.457031
  33         "uh-p"    8   19.685852  68.993240  66.897522
  34         "w+ah"   66  394.484039 366.300812 213.612534
  35         "w+uh"   18  103.409538 105.680428  27.823225
  36      "ia-r+ow"   58  200.817001 248.187408 189.899933
  37      "oh-d+eh"   11   20.121616  12.237117  24.636393
  38      "ay-ax+l"   56  414.607239 289.235291 480.982269
  39          "k-s"   68  160.283890 239.252823 118.644089
  40          "n-d"   18   24.482815  23.077633  97.300560
  41         "eh-l"   11   37.516758  93.215904  97.104294
  42         "eh-n"   18   51.224861 103.141602  86.949997
  43          "s+t"    8   26.685257  62.899586  17.503202
  44      "jh-uh+p"    8    8.320895   9.010741  13.457468
  45          "sil"  560  1502.522095 6456.685547 6306.694336
  46          "v-n"   62  360.214905 204.240875 214.303879
  47         "ey+t"   65  510.890015 695.275513 243.468048
  48         "ey-t"   65  239.153549 193.328888 269.029724
  49         "ey-v"   10   21.008320  26.764980  73.490791
  50      "jh-uw+l"    6   22.383463  12.080860   6.773860
  51       "f-ih+l"    9   21.727343  78.711037  38.286987
  52       "l-ia+n"    6   19.677320  52.260452  24.920385
  53       "n-s+eh"   18   24.284485 154.485489  59.604183
  54         "y+ah"   19  191.732498 117.898651 209.867538
  55       "d-l+ax"   18   37.374557  46.855412  81.900810
  56       "f-ay+v"   60  123.819435 179.872726 654.661865
  57         "oh+d"   11   44.932930 185.914490  53.902153
  58       "w-uh+d"   18   24.231304  35.592350  30.592657
  59       "ae-n+s"   18   28.227663  18.002007  18.354834
  60         "ow+l"   18   87.516068  61.888943  29.233473
  61         "ow-n"   41  185.588882  96.200027 114.767693
  62       "l-ax+n"   18   69.429054  72.705215  40.122440
  63       "l-ax+s"   18   46.072002 102.869553  43.857399
  64       "s-eh+n"   18   54.136547  44.256187  58.716618
  65       "s-eh+v"   62  207.740097 496.084381 689.203308
  66         "z+ia"   58  315.915894 234.217224 153.052582
  67       "n-ay+n"   56  192.842209 189.241989 694.067322
  68      "ax-s+ah"   18   72.444534 178.892014  98.004974
  69       "z-ia+r"   58  163.512100 236.959076 182.883804
  70       "t-iy+v"    8   15.755375  53.906975  15.671211
  71         "r-iy"   66  250.682266 597.177002 408.287323
  72         "r-ow"   58  122.189491 147.079575 390.380341
  73      "d-ay+ax"   56   98.311211 126.455727 143.192368
  74       "eh-v+n"   62  144.985809 125.612221 159.908157
  75       "ih-k+s"   68  215.244308 513.138611 200.328476
  76       "ax-n+d"   18   60.450687 208.678024  38.198196
  77         "s+eh"   62  170.780991 425.943054 234.754059
  78         "s+ih"   68  248.846878 484.987335 138.546539
  79         "ia-n"    6   10.154366  11.999900  10.934128
  80        "ah-ng"   19  250.700882 140.064026 558.960693
  81         "ih-l"    9   48.649532  73.895119  36.945084
  82         "k+ao"   43  865.253418 452.313782 188.038681
  83         "ah-n"   84  193.526871 354.976044 295.755127
  84         "iy-v"    8   12.229505  26.048645  59.596977
  85         "ao-l"   43  104.014923 635.821228 197.157944
  86       "uh-d+l"   18   20.099302  23.989651  43.546505
