   1         "t+ay"   14  100.382408  37.344578  46.092525
   2         "t+uw"   78  563.304688 234.823242 246.717697
   3         "t-uw"   78  390.122314 298.601501 1486.325317
   4           "ow"   43  518.947632 795.189941 370.670959
   5           "sp" 1001  18666.169922
   6         "ax-l"   60   63.618469  79.851791 275.867645
   7         "ax-n"    1    1.000104   0.999963   0.999963
   8         "ay-n"   76  457.553009 294.873138 193.017899
   9         "ay-v"   64  315.720459 154.833389 366.664093
  10      "y-ah+ng"   18   36.958973  28.280499  40.058804
  11         "l+ao"   16  150.508591  47.606277  88.144264
  12         "l+iy"   14   80.188263  17.310099  22.682062
  13         "l-ao"   16   75.410248 325.315979 143.740768
  14         "l-ax"   14   49.386627  44.605865 158.925674
  15         "l-iy"   14   40.436382 298.173370 190.707062
  16       "d-ey+v"   12   22.107464  38.303600  99.401138
  17         "d+ay"   60   85.966835 442.008636 190.415207
  18         "d+ey"   12   63.134811 106.272438  41.478195
  19        "jh+uw"    8   32.210472  15.977757  77.638687
  20      "uw-l+ia"    7   19.259766   7.155332  15.511308
  21       "k-ao+l"   34   41.602535  37.304474  59.785938
  22       "s-ih+k"   68  121.562126 227.359680 993.041077
  23         "th+r"   76  425.031006 962.807922 318.275604
  24      "th-r+iy"   76  229.389313 261.173737 217.407135
  25       "s-t+iy"   14   57.900520  39.894188  36.130516
  26       "l-y+ax"    1    6.864436   9.724044   8.404052
  27         "n+ay"   76  115.602470 159.679153 375.202026
  28       "f-ow+n"   46  125.796562 278.942566 194.547150
  29       "w-ah+n"   67  376.576874 439.651428 232.971313
  30         "f+ao"   61  298.657684 671.201294 206.396179
  31         "f+ay"   64  317.692017 715.516907 197.679367
  32         "f+ih"    7   27.835443  83.855766  12.284519
  33         "f+ow"   46  268.833740 501.021027 150.750778
  34         "f-ao"   61  213.103058 915.281067 500.449982
  35         "uh-d"   18   53.697674  35.922108 108.314697
  36         "w+ah"   67  185.005112 244.112534 304.583862
  37         "w+uh"   18   78.933075  41.114983  52.762829
  38      "ia-r+ow"   66  210.424805 172.259918 175.536819
  39       "y-ax+n"    1    0.999995   1.000603   1.006518
  40      "ay-ax+l"   60   60.417458 116.459366 105.810600
  41          "k-s"   68   94.042763 108.013481 151.916855
  42      "ay-l+ax"   14   36.278053  35.071098 274.100739
  43       "uw-l+y"    1    0.999994   0.999994   0.999994
  44          "s+t"   14   81.511581 104.860344  56.204361
  45          "sil"  280  2418.271240 18666.169922 6891.407715
  46          "v-n"   62   94.110336 130.108429 495.727936
  47         "ey+t"   71  576.218567 366.446747 962.678589
  48         "ey-t"   71  491.753845 222.971985 488.544952
  49         "ey-v"   12   64.254395  85.933174 153.638428
  50      "jh-uw+l"    8   20.113445  20.552773  19.700003
  51       "f-ih+l"    7   11.117445  22.777210  45.763599
  52       "l-ia+n"    7   15.343109 112.643181  31.022150
  53         "y+ah"   18  137.372223 170.403397  96.466316
  54       "f-ay+v"   64  113.083481 151.723618 922.120300
  55       "w-uh+d"   18  295.104034  85.687675 131.221268
  56         "ow-n"   46  108.642975 118.944496 469.174652
  57       "s-eh+v"   62  224.755524 598.741699 240.281845
  58         "z+ia"   66  240.764999 234.031433 267.267883
  59       "n-ay+n"   76  179.554993 338.619354 1021.518311
  60       "z-ia+r"   66  297.991760 505.058655 479.340820
  61       "t-iy+v"   14   35.895641  90.692665  28.014507
  62         "r-iy"   76  374.346039 549.778442 431.461029
  63         "r-ow"   66  102.870865 303.372253 300.826813
  64      "d-ay+ax"   60  118.977821 221.749405 611.931763
  65       "t-ay+l"   14   20.652735  23.035501  27.926167
  66       "eh-v+n"   62  139.412628 221.832794 202.145523
  67       "ih-k+s"   68  507.525116 497.942017 220.804810
  68         "s+eh"   62  316.678375 636.300537 179.014465
  69         "s+ih"   68  310.584900 670.640625 123.545517
  70         "s+uw"    8   48.437458  74.496040  22.614985
  71         "ia-n"    7   23.068611  15.386942  12.533487
  72         "s-uw"    8   17.199482  32.000942 122.723724
  73        "ah-ng"   18  155.720703 183.410248 180.779343
  74         "ih-l"    7   12.651777  15.168550  65.835014
  75         "k+ao"   34   67.920288  44.547466 284.572510
  76         "ah-n"   67  174.932770 196.634277 479.342804
  77         "iy-v"   14   35.840874  32.698608  78.024597
  78         "ao-l"   34  231.342300 191.276764 590.142761
